525 -5 -467 -485 -497 -478 -481 -476 -169 -224 -357 -411 -444 -451 -464 -414 -427 -421 -416 -371 -394 -399 -403 -396 -388 -393 -377 -379 -366 -360 -241 -278 -320 -331 -350 -356 -343 -344 -337 -329 -327 -326 -279 -291 -317 -292 -314 -309 -302 -290 -243 -269 -252 -265 -246 -233 -234 -228 -231 -226 -171 -173 -196 -200 -215 -197 -183 -89 -151 -157 -165 -161 -156 -120 -126 -129 -147 -140 -142 -143 -133 -136 -122 -123 -93 -115 -110 -113 -14 -24 -63 -86 -87 -76 -72 -28 -42 -47 -29 -23 -17 -8 -13 508 168 81 74 48 12 1 21 23 22 26 24 41 44 59 57 60 62 79 86 90 104 103 98 144 113 147 164 167 435 212 182 171 170 201 200 193 211 208 327 325 288 229 213 214 254 248 231 232 236 249 285 284 279 287 286 307 299 300 322 312 324 428 412 392 384 348 336 347 344 379 353 366 378 377 380 396 394 398 425 429 432 434 457 447 439 441 440 455 453 464 458 501 493 487 478 504 510 509 523 517 524 556 541 537 540 551 543 550 552 782 738 687 612 601 562 559 582 575 580 579 603 604 671 669 634 631 626 644 638 641 664 650 682 679 672 674 694 688 709 702 696 737 728 726 713 719 716 723 748 747 740 763 757 755 869 813 799 786 797 793 802 803 857 842 829 818 835 850 845 863 858 865 918 905 875 871 880 894 887 881 882 890 889 912 956 931 945 942 946 977 966 964 963 998 995 978
17
525
556
782
869
918
956
977
998
995
978
890
889
723
380
366
378
377
-334 -425 -490 -492 -496 -497 -433 -445 -479 -483 -447 -458 -473 -462 -449 -457 -448 -434 -435 -441 -437 -438 -429 -432 -426 -355 -421 -424 -416 -403 -415 -414 -405 -409 -364 -389 -393 -399 -401 -370 -378 -379 -382 -376 -374 -373 -365 -360 -363 -358 -359 -356 -336 -354 -346 -345 -340 -342 -337 429 185 -224 -322 -327 -329 -328 -324 -281 -285 -319 -308 -309 -317 -295 -292 -287 -289 -250 -256 -279 -276 -277 -268 -262 -254 -255 -248 -235 -241 -232 -225 177 -149 -159 -216 -222 -223 -217 -220 -188 -195 -203 -214 -213 -206 -199 -202 -190 -192 -191 -184 -186 -174 -161 -166 -169 -165 -155 -154 59 -13 -78 -129 -137 -145 -146 -132 -136 -115 -123 -121 -118 -106 -113 -84 -85 -88 -101 -98 -99 -90 -87 -81 -82 -80 -73 -39 -65 -67 -70 -72 -71 -48 -54 -60 -56 -45 -46 -18 -35 -36 -25 -26 -32 -15 29 -2 -9 -7 15 -1 9 6 3 2 5 4 13 10 20 18 17 28 22 55 41 34 30 35 39 38 37 40 49 47 48 53 52 57 157 104 101 79 73 69 91 82 90 87 98 109 108 106 120 117 112 114 154 133 132 130 127 142 141 149 145 152 153 156 163 161 175 171 168 170 172 173 183 181 404 241 220 213 202 192 189 208 215 237 222 234 232 239 381 326 276 257 255 251 260 274 266 262 261 265 272 267 321 282 283 297 294 290 320 310 300 298 309 317 313 319 322 323 341 327 335 329 330 334 336 337 377 363 344 362 360 359 355 350 349 370 375 376 378 393 389 390 399 427 408 423 415 414 410 412 421 420 422 462 457 453 442 433 461 888 744 722 640 562 471 470 464 467 468 554 543 534 527 502 497 489 487 495 493 520 511 524 532 531 533 539 545 550 557 555 558 612 584 581 567 565 583 609 590 585 586 601 594 604 637 624 621 620 614 622 623 636 626 631 627 634 633 713 677 654 645 641 647 653 649 661 657 656 673 663 662 671 679 678 698 691 689 686 692 697 695 694 706 701 700 709 719 715 729 724 726 725 727 730 739 735 734 733 738 740 758 751 822 790 783 779 767 765 759 761 772 780 784 785 793 791 815 809 803 802 798 794 806 812 813 820 858 824 834 831 825 839 842 886 868 867 859 879 875 869 884 880 882 896 893 890 894 953 900 904 902 942 933 911 907 914 920 930 929 938 945 944 947 948 972 954 990 979 973 986 985 989 998 993 992
18
-334
429
462
888
896
953
972
990
998
993
992
948
920
930
929
694
495
493
700 -459 -474 -479 -490 -500 -491 -496 -495 -492 -484 -489 -487 -485 -486 -483 -480 -462 -467 -468 -470 -463 -461 691 314 -447 -456 -458 -450 -452 -451 -448 -161 -257 -399 -434 -444 -446 -435 -443 -440 -436 -411 -425 -427 -433 -429 -431 -428 -419 -422 -421 -414 -415 -417 -412 -413 -401 -406 -409 -405 -359 -386 -396 -398 -387 -390 -393 -394 -361 -373 -376 -378 -382 -383 -365 -369 -367 -368 -364 -360 -341 -352 -358 -343 -344 -351 -342 -274 -337 -339 -338 -315 -336 -317 -331 -335 -334 -329 -318 -324 -325 -316 -299 -314 -311 -312 -304 -305 -310 -307 -301 -280 -287 -297 -296 -293 -294 -286 -285 -282 -283 -276 -273 -264 -270 -271 -268 -267 -265 -261 -262 -237 -248 -256 -255 -244 -247 -246 -245 -238 -241 -242 -239 -174 -189 -193 -195 -234 -215 -222 -230 -233 -231 -232 -228 -223 -225 -217 -221 -216 -207 -210 -211 -213 -214 -204 -206 -203 -198 -190 -191 -192 -179 -180 -182 -185 -181 -176 -175 -170 -9 -144 -155 -156 -158 -159 -147 -149 -148 -145 -11 -119 -141 -143 -131 -138 -137 -121 -126 -130 -123 -120 -95 -106 -115 -117 -118 -116 -107 -111 -112 -114 -108 -97 -103 -105 -104 -100 -98 -25 -87 -92 -90 -81 -63 -76 -77 -79 -71 -74 -66 -70 -67 -65 -32 -36 -60 -61 -46 -50 -53 -56 -58 -51 -48 -42 -45 -41 -39 -38 -33 -35 -34 -31 -26 -29 -15 -16 -17 -24 -18 -23 -13 -10 166 105 9 8 -3 -7 -8 -6 -5 2 -2 0 3 6 4 5 20 10 15 14 11 13 18 54 44 42 36 34 24 28 25 31 37 41 38 47 48 53 61 57 59 94 85 76 68 63 62 64 73 74 81 80 77 79 83 82 89 87 91 92 100 98 95 99 104 101 103 134 115 109 107 111 110 129 117 116 118 121 120 125 130 152 147 146 144 142 135 140 138 136 143 148 160 162 161 164 296 257 221 175 172 171 167 173 191 188 185 180 178 177 183 186 199 198 192 211 209 206 203 202 200 205 210 216 213 214 215 234 231 225 227 226 230 228 233 242 240 235 237 236 239 255 251 250 248 247 256 268 260 258 262 261 264 263 265 295 278 272 271 270 276 277 294 288 282 280 279 287 285 289 290 303 302 299 297 298 300 304 307 313 308 649 376 367 362 356 320 316 318 319 331 325 327 326 329 328 347 343 332 341 335 336 339 352 351 355 357 358 365 364 375 373 370 589 472 464 450 382 377 415 410 397 389 383 385 390 392 391 396 394 408 398 404 407 409 413 411 446 432 423 416 421 426 427 431 428 436 435 445 443 438 442 441 447 448 453 451 459 454 463 462 461 466 465 471 588 576 567 531 527 494 489 480 476 477 487 486 485 481 488 490 524 512 498 502 500 507 505 504 510 517 520 523 521 522 526 525 529 528 536 533 534 555 552 537 548 542 538 540 544 550 565 564 559 566 574 568 573 569 571 570 575 585 580 579 582 587 622 606 593 591 590 592 603 597 596 602 600 604 616 611 612 614 619 645 636 627 625 626 635 634 631 630 633 638 637 644 642 648 676 666 664 654 652 655 665 671 670 668 674 672 675 683 682 679 680 689 684 687 685 686 698 697 693 699 921 855 848 799 724 723 721 720 704 703 707 708 710 709 712 717 716 718 722 789 780 737 727 725 735 734 736 740 739 777 752 750 749 741 744 743 746 754 755 772 770 761 763 765 775 779 778 782 784 787 788 794 793 797 847 808 800 807 805 802 845 834 823 811 813 817 826 825 831 829 830 838 835 841 852 851 849 899 882 867 862 861 864 866 878 874 869 871 870 877 876 879 889 883 885 892 891 895 898 901 916 904 903 912 909 908 905 906 913 917 918 920 953 933 925 922 930 927 929 940 936 934 939 938 937 952 947 943 950 970 966 954 956 957 963 962 959 958 967 968 981 975 971 978 985 984 983 989 990 996
23
700
921
953
970
981
985
989
990
996
962
959
958
829
830
772
775
761
763
765
540
522
-39
-38