458 277 -429 164 -394 -181 -292 -100 67 1 741 657 647 666 982 796 882 902 993 988
9
458
741
982
993
988
902
-100
67
1
-257 -425 -489 -453 -282 -397 -366 -372 -348 934 595 157 -241 -233 -202 110 -188 25 -30 -166 20 63 41 136 287 274 166 240 236 168 523 434 391 436 441 457 466 572 536 875 603 632 793 786 788 870 927 894 965 973
12
-257
934
965
973
927
894
793
870
788
457
466
41
498 -216 -258 -358 -443 -466 -495 -481 -430 -366 -262 -300 -356 -257 -233 473 140 -33 -127 -133 -186 -211 -196 -48 -69 -99 -19 -25 -24 -5 103 1 3 81 46 80 91 134 346 288 145 277 200 311 291 289 384 347 402 423 427 562 545 539 557 576 967 741 732 716 648 608 694 665 710 779 931 782 795 943
13
498
562
576
967
741
779
931
943
795
710
81
91
80
208 47 -235 -451 -469 -498 -477 -481 -497 -413 -398 -400 -308 -363 -213 -225 -232 -37 -181 -212 -182 -148 -167 -174 -158 -103 -127 -135 -89 -36 -14 10 22 110 94 88 100 130 123 148 145 159 153 200 161 544 315 231 209 221 238 292 242 243 262 303 313 434 412 344 336 385 469 445 513 512 679 571 546 562 613 574 585 661 650 646 619 671 954 769 728 706 700 681 726 734 730 752 850 821 794 783 834 848 841 839 883 908 884 986
11
208
544
679
954
986
850
883
908
884
841
839